1000
271	730	
137	628	
269	716	
661	377	
26	1000	
350	570	
375	923	
61	788	
171	850	
309	354	
503	485	
86	1000	
470	491	
680	129	
357	427	
4	1000	
535	551	
653	154	
117	1000	
941	107	
309	929	
189	652	
89	874	
924	521	
146	600	
451	712	
75	885	
691	198	
156	734	
318	861	
256	493	
239	685	
141	1000	
607	220	
509	460	
400	324	
366	1000	
632	434	
129	700	
405	911	
83	819	
215	1000	
832	169	
508	348	
816	273	
669	551	
157	587	
774	742	
249	783	
996	324	
710	473	
257	501	
69	839	
354	604	
186	530	
670	472	
296	551	
899	27	
629	264	
575	338	
749	129	
785	116	
473	47	
405	423	
367	629	
273	796	
93	829	
819	193	
828	175	
414	486	
539	405	
83	824	
181	756	
605	505	
871	205	
391	715	
446	296	
290	442	
366	452	
238	677	
16	762	
958	51	
661	494	
553	435	
69	965	
366	609	
240	640	
966	170	
766	495	
258	647	
813	167	
321	671	
67	1000	
452	472	
924	261	
247	931	
262	629	
834	19	
849	345	
360	666	
66	1000	
413	390	
324	815	
359	173	
673	334	
144	975	
649	298	
794	268	
929	491	
187	789	
14	1000	
674	318	
171	1000	
266	595	
117	905	
833	15	
431	664	
612	351	
884	331	
437	474	
954	23	
153	844	
328	447	
3	886	
948	110	
858	399	
841	101	
368	894	
442	419	
359	677	
802	605	
499	547	
876	299	
253	885	
464	709	
659	528	
81	956	
267	826	
165	656	
388	711	
79	762	
574	202	
19	1000	
887	207	
778	283	
49	1000	
227	879	
152	1000	
75	1000	
612	424	
411	865	
197	979	
464	627	
538	563	
16	871	
455	908	
446	1000	
764	38	
703	190	
78	1000	
309	931	
188	833	
90	1000	
382	825	
614	332	
245	720	
931	177	
844	506	
565	672	
771	510	
564	326	
344	508	
594	621	
666	79	
966	273	
502	393	
62	871	
495	555	
863	302	
36	773	
252	986	
409	598	
355	507	
651	391	
511	586	
178	921	
289	874	
103	982	
789	613	
370	375	
973	419	
80	1000	
173	461	
105	605	
371	404	
463	166	
476	761	
955	27	
900	178	
932	209	
765	327	
701	234	
469	667	
17	1000	
530	271	
747	243	
45	1000	
760	398	
418	622	
664	367	
867	292	
660	98	
627	453	
14	831	
652	443	
220	1000	
531	59	
301	690	
326	568	
800	538	
367	1000	
521	449	
258	357	
180	989	
93	751	
57	1000	
347	655	
549	844	
745	26	
710	90	
370	239	
817	292	
865	110	
604	662	
673	363	
179	839	
470	523	
230	631	
845	292	
557	109	
249	424	
886	344	
973	226	
91	1000	
405	302	
534	300	
797	121	
138	855	
805	291	
340	728	
906	401	
152	822	
869	435	
550	318	
415	607	
645	427	
752	190	
441	377	
138	895	
998	143	
146	662	
793	562	
57	884	
291	739	
229	625	
740	328	
409	791	
417	127	
591	227	
355	503	
533	665	
209	722	
821	249	
486	692	
796	348	
485	467	
471	462	
10	1000	
547	53	
202	695	
333	731	
307	961	
861	1	
136	1000	
690	164	
573	396	
657	437	
187	460	
457	744	
363	660	
372	888	
368	908	
512	245	
716	484	
728	390	
194	420	
501	357	
449	795	
110	735	
213	1000	
583	109	
962	168	
892	171	
331	563	
876	458	
236	899	
36	622	
318	869	
806	419	
15	1000	
97	786	
175	724	
804	91	
258	907	
423	615	
270	918	
508	462	
477	206	
272	924	
845	29	
192	818	
570	660	
994	39	
742	669	
820	16	
712	27	
330	520	
188	546	
293	928	
427	416	
544	654	
888	27	
472	393	
257	787	
525	435	
410	1000	
79	794	
809	252	
95	1000	
562	582	
793	171	
162	796	
680	477	
667	103	
607	274	
179	956	
877	252	
153	754	
202	603	
335	639	
625	506	
348	156	
963	21	
755	185	
456	441	
382	807	
430	577	
56	1000	
274	574	
226	496	
694	524	
473	400	
490	828	
477	379	
925	69	
948	167	
579	458	
937	111	
986	63	
492	364	
409	742	
708	622	
300	547	
670	254	
120	1000	
457	261	
211	444	
134	782	
518	546	
552	189	
800	47	
839	8	
360	413	
318	884	
683	272	
644	484	
588	660	
357	608	
420	770	
128	943	
535	415	
827	289	
544	656	
431	457	
161	521	
164	677	
783	299	
137	726	
825	294	
732	619	
14	670	
504	704	
770	196	
461	195	
874	125	
940	464	
208	817	
395	703	
411	750	
463	453	
194	965	
84	903	
151	900	
458	286	
992	42	
761	279	
554	289	
297	943	
819	445	
647	226	
473	454	
261	837	
526	629	
390	411	
823	101	
888	109	
595	65	
196	993	
605	567	
60	1000	
100	1000	
754	509	
950	261	
387	856	
584	449	
500	549	
263	689	
740	811	
988	153	
507	899	
947	86	
438	400	
910	382	
445	108	
85	968	
615	301	
195	676	
100	576	
306	329	
234	780	
504	532	
8	709	
455	333	
145	961	
488	519	
155	860	
310	632	
389	519	
612	463	
874	19	
229	542	
684	455	
776	30	
380	485	
846	197	
256	857	
663	38	
699	355	
951	208	
698	340	
131	713	
118	620	
102	653	
349	612	
350	601	
476	297	
384	347	
113	842	
668	365	
417	371	
35	897	
508	456	
487	340	
767	332	
616	121	
338	406	
4	1000	
801	450	
256	570	
540	577	
534	734	
827	241	
310	596	
55	699	
3	899	
669	371	
976	180	
954	195	
420	553	
659	36	
602	441	
734	605	
59	792	
282	604	
325	933	
477	287	
738	136	
343	675	
113	865	
479	543	
417	735	
86	952	
659	338	
666	308	
524	819	
532	618	
88	1000	
196	733	
560	202	
492	638	
485	612	
954	139	
506	753	
325	1000	
238	790	
337	656	
619	25	
672	346	
888	261	
642	277	
647	591	
243	492	
663	391	
469	557	
16	1000	
435	735	
946	60	
482	447	
374	349	
655	208	
291	893	
877	259	
182	691	
604	601	
179	962	
172	686	
278	878	
769	167	
406	386	
353	540	
850	453	
610	1000	
839	197	
645	357	
634	116	
533	107	
16	866	
891	333	
878	307	
987	259	
681	686	
84	861	
70	699	
58	822	
68	1000	
150	833	
18	881	
257	637	
300	727	
592	547	
80	658	
848	196	
423	585	
256	487	
333	747	
130	1000	
512	317	
462	710	
202	795	
55	954	
806	222	
182	637	
630	623	
477	694	
402	734	
678	346	
198	632	
180	756	
779	232	
351	703	
162	799	
932	133	
788	83	
548	503	
770	240	
303	423	
178	705	
242	757	
898	340	
608	520	
116	832	
634	93	
914	130	
624	241	
526	440	
490	745	
722	435	
356	596	
323	485	
456	700	
675	173	
219	766	
679	113	
618	421	
83	839	
451	282	
431	248	
358	1000	
998	43	
35	936	
902	153	
909	154	
368	853	
381	191	
90	477	
788	386	
424	509	
384	571	
107	1000	
454	656	
519	768	
410	568	
42	763	
516	515	
653	324	
759	22	
461	595	
271	684	
925	181	
406	649	
963	188	
607	266	
772	377	
379	679	
746	117	
464	323	
981	38	
266	546	
62	838	
697	193	
84	1000	
15	707	
788	702	
313	373	
121	787	
684	357	
284	412	
601	787	
398	539	
414	249	
972	49	
692	317	
510	330	
323	763	
59	931	
455	474	
345	584	
188	447	
515	623	
739	397	
543	376	
319	387	
906	196	
688	162	
693	255	
63	719	
227	673	
50	612	
294	890	
453	781	
651	542	
518	495	
589	900	
719	214	
122	525	
664	413	
138	667	
419	658	
168	851	
334	497	
117	747	
649	197	
656	291	
977	276	
752	311	
579	863	
608	431	
763	218	
729	603	
754	473	
115	1000	
420	349	
763	402	
108	383	
535	978	
911	175	
764	637	
669	633	
737	169	
955	338	
462	571	
927	341	
237	576	
258	790	
968	192	
548	497	
351	604	
175	884	
423	604	
669	403	
748	414	
617	444	
744	577	
128	519	
8	775	
547	390	
465	149	
440	77	
539	430	
294	778	
376	635	
900	161	
200	720	
182	835	
724	464	
241	843	
153	800	
913	3	
204	989	
265	585	
336	577	
176	511	
533	706	
275	816	
502	412	
502	523	
926	190	
922	426	
119	1000	
861	65	
516	802	
476	657	
629	424	
592	592	
625	410	
222	561	
238	515	
672	316	
762	472	
322	667	
348	958	
555	304	
985	221	
723	444	
660	136	
915	34	
594	294	
275	555	
524	312	
756	286	
34	1000	
884	271	
936	206	
560	102	
371	525	
535	749	
274	922	
52	776	
284	306	
580	327	
197	802	
508	623	
594	511	
586	488	
884	396	
41	809	
177	1000	
353	1000	
395	708	
854	1	
379	721	
579	162	
403	844	
454	693	
789	216	
769	382	
703	163	
157	895	
414	477	
96	850	
185	650	
771	244	
865	235	
605	232	
469	683	
848	81	
38	813	
484	332	
71	472	
787	264	
363	756	
160	690	
989	196	
80	919	
806	419	
215	851	
732	435	
577	215	
470	326	
810	121	
496	430	
658	171	
542	643	
844	390	
692	515	
466	214	
591	325	
191	1000	
712	476	
63	907	
652	530	
525	866	
105	596	
933	107	
149	678	
683	305	
513	212	
412	872	
926	109	
675	270	
442	708	
726	223	
130	1000	
135	889	
70	606	
196	1000	
946	42	
574	312	
691	343	
61	1000	
512	303	
621	164	
432	633	
642	200	
711	143	
277	978	
490	164	
619	202	
316	16	
796	293	
824	48	
617	411	
342	618	
362	355	
428	281	
558	582	
776	2	
127	876	
869	178	
766	23	
392	942	
794	51	
88	756	
469	320	
131	636	
438	893	
612	171	
561	632	
376	731	
796	314	
280	771	
431	537	
244	722	
680	83	
36	1000	
597	302	
967	366	
259	480	
422	567	
506	444	
822	176	
871	245	
756	155	
723	386	
416	632	
682	673	
308	771	
174	928	
119	1000	
73	909	
598	747	
220	1000	
144	1000	
650	179	
881	116	
645	251	
85	510	
531	564	
209	761	
216	597	
369	737	
915	204	
934	98	
820	421	
81	785	
876	203	
186	352	
198	507	
100	575	
833	5	
518	389	
737	289	
510	602	
848	172	
247	1000	
569	77	
315	706	
692	72	
527	936	
333	909	
811	360	
225	705	
539	464	
708	278	
54	615	
827	218	
289	611	
206	942	
240	937	
653	246	
956	71	
897	201	
539	383	
544	381	
34	624	
122	1000	
305	513	
661	194	
418	513	
861	187	
307	385	
109	1000	
605	359	
751	223	
283	438	
602	187	
593	392	
989	119	
433	179	
262	527	
846	51	
220	580	
574	253	
879	150	
758	356	
727	303	
512	530	
61	1000	
491	127	
22	655	
630	308	
576	231	
775	411	
243	546	
496	578	
578	471	
270	661	
712	29	
158	665	
29	1000	
469	704	
257	276	
904	58	
285	983	
766	396	
768	52	
373	700	
386	245	
782	140	
432	747	
249	642	
796	392	
95	1000	
414	413	
407	290	
798	280	
377	553	
374	527	
22	537	
535	163	
